[
  [
    0,
    0,
    7
  ],
  [
    0,
    1,
    0
  ],
  [
    0,
    2,
    1
  ],
  [
    0,
    3,
    0
  ],
  [
    0,
    4,
    0
  ],
  [
    0,
    5,
    0
  ],
  [
    0,
    6,
    0
  ],
  [
    0,
    7,
    9
  ],
  [
    0,
    8,
    7
  ],
  [
    0,
    9,
    26
  ],
  [
    0,
    10,
    30
  ],
  [
    0,
    11,
    31
  ],
  [
    0,
    12,
    19
  ],
  [
    0,
    13,
    23
  ],
  [
    0,
    14,
    13
  ],
  [
    0,
    15,
    19
  ],
  [
    0,
    16,
    22
  ],
  [
    0,
    17,
    23
  ],
  [
    0,
    18,
    14
  ],
  [
    0,
    19,
    16
  ],
  [
    0,
    20,
    19
  ],
  [
    0,
    21,
    16
  ],
  [
    0,
    22,
    18
  ],
  [
    0,
    23,
    25
  ],
  [
    1,
    0,
    6
  ],
  [
    1,
    1,
    3
  ],
  [
    1,
    2,
    2
  ],
  [
    1,
    3,
    2
  ],
  [
    1,
    4,
    6
  ],
  [
    1,
    5,
    3
  ],
  [
    1,
    6,
    1
  ],
  [
    1,
    7,
    2
  ],
  [
    1,
    8,
    14
  ],
  [
    1,
    9,
    33
  ],
  [
    1,
    10,
    27
  ],
  [
    1,
    11,
    50
  ],
  [
    1,
    12,
    35
  ],
  [
    1,
    13,
    38
  ],
  [
    1,
    14,
    30
  ],
  [
    1,
    15,
    44
  ],
  [
    1,
    16,
    31
  ],
  [
    1,
    17,
    30
  ],
  [
    1,
    18,
    19
  ],
  [
    1,
    19,
    6
  ],
  [
    1,
    20,
    14
  ],
  [
    1,
    21,
    29
  ],
  [
    1,
    22,
    20
  ],
  [
    1,
    23,
    18
  ],
  [
    2,
    0,
    13
  ],
  [
    2,
    1,
    2
  ],
  [
    2,
    2,
    7
  ],
  [
    2,
    3,
    1
  ],
  [
    2,
    4,
    0
  ],
  [
    2,
    5,
    0
  ],
  [
    2,
    6,
    2
  ],
  [
    2,
    7,
    4
  ],
  [
    2,
    8,
    31
  ],
  [
    2,
    9,
    28
  ],
  [
    2,
    10,
    46
  ],
  [
    2,
    11,
    45
  ],
  [
    2,
    12,
    33
  ],
  [
    2,
    13,
    73
  ],
  [
    2,
    14,
    54
  ],
  [
    2,
    15,
    43
  ],
  [
    2,
    16,
    49
  ],
  [
    2,
    17,
    36
  ],
  [
    2,
    18,
    21
  ],
  [
    2,
    19,
    14
  ],
  [
    2,
    20,
    13
  ],
  [
    2,
    21,
    31
  ],
  [
    2,
    22,
    21
  ],
  [
    2,
    23,
    18
  ],
  [
    3,
    0,
    11
  ],
  [
    3,
    1,
    5
  ],
  [
    3,
    2,
    5
  ],
  [
    3,
    3,
    0
  ],
  [
    3,
    4,
    1
  ],
  [
    3,
    5,
    1
  ],
  [
    3,
    6,
    1
  ],
  [
    3,
    7,
    6
  ],
  [
    3,
    8,
    22
  ],
  [
    3,
    9,
    47
  ],
  [
    3,
    10,
    80
  ],
  [
    3,
    11,
    86
  ],
  [
    3,
    12,
    54
  ],
  [
    3,
    13,
    36
  ],
  [
    3,
    14,
    42
  ],
  [
    3,
    15,
    54
  ],
  [
    3,
    16,
    40
  ],
  [
    3,
    17,
    40
  ],
  [
    3,
    18,
    33
  ],
  [
    3,
    19,
    18
  ],
  [
    3,
    20,
    28
  ],
  [
    3,
    21,
    32
  ],
  [
    3,
    22,
    29
  ],
  [
    3,
    23,
    24
  ],
  [
    4,
    0,
    16
  ],
  [
    4,
    1,
    0
  ],
  [
    4,
    2,
    1
  ],
  [
    4,
    3,
    0
  ],
  [
    4,
    4,
    0
  ],
  [
    4,
    5,
    0
  ],
  [
    4,
    6,
    1
  ],
  [
    4,
    7,
    5
  ],
  [
    4,
    8,
    19
  ],
  [
    4,
    9,
    53
  ],
  [
    4,
    10,
    52
  ],
  [
    4,
    11,
    34
  ],
  [
    4,
    12,
    39
  ],
  [
    4,
    13,
    28
  ],
  [
    4,
    14,
    43
  ],
  [
    4,
    15,
    64
  ],
  [
    4,
    16,
    34
  ],
  [
    4,
    17,
    50
  ],
  [
    4,
    18,
    11
  ],
  [
    4,
    19,
    19
  ],
  [
    4,
    20,
    18
  ],
  [
    4,
    21,
    18
  ],
  [
    4,
    22,
    25
  ],
  [
    4,
    23,
    18
  ],
  [
    5,
    0,
    9
  ],
  [
    5,
    1,
    2
  ],
  [
    5,
    2,
    0
  ],
  [
    5,
    3,
    0
  ],
  [
    5,
    4,
    0
  ],
  [
    5,
    5,
    0
  ],
  [
    5,
    6,
    1
  ],
  [
    5,
    7,
    2
  ],
  [
    5,
    8,
    14
  ],
  [
    5,
    9,
    35
  ],
  [
    5,
    10,
    53
  ],
  [
    5,
    11,
    27
  ],
  [
    5,
    12,
    27
  ],
  [
    5,
    13,
    18
  ],
  [
    5,
    14,
    41
  ],
  [
    5,
    15,
    35
  ],
  [
    5,
    16,
    42
  ],
  [
    5,
    17,
    24
  ],
  [
    5,
    18,
    23
  ],
  [
    5,
    19,
    15
  ],
  [
    5,
    20,
    19
  ],
  [
    5,
    21,
    21
  ],
  [
    5,
    22,
    22
  ],
  [
    5,
    23,
    13
  ],
  [
    6,
    0,
    24
  ],
  [
    6,
    1,
    6
  ],
  [
    6,
    2,
    0
  ],
  [
    6,
    3,
    0
  ],
  [
    6,
    4,
    0
  ],
  [
    6,
    5,
    0
  ],
  [
    6,
    6,
    0
  ],
  [
    6,
    7,
    1
  ],
  [
    6,
    8,
    10
  ],
  [
    6,
    9,
    36
  ],
  [
    6,
    10,
    30
  ],
  [
    6,
    11,
    27
  ],
  [
    6,
    12,
    34
  ],
  [
    6,
    13,
    31
  ],
  [
    6,
    14,
    30
  ],
  [
    6,
    15,
    27
  ],
  [
    6,
    16,
    19
  ],
  [
    6,
    17,
    18
  ],
  [
    6,
    18,
    23
  ],
  [
    6,
    19,
    7
  ],
  [
    6,
    20,
    17
  ],
  [
    6,
    21,
    19
  ],
  [
    6,
    22,
    17
  ],
  [
    6,
    23,
    13
  ]
]